25.448429
52.452478
84.015364
26.114292
52.475871
88.586910
25.530496
55.689180
89.204850
27.025981
64.714656
87.508389
27.551208
58.226162
82.855917
33.658037
66.579638
87.968158
23.096465
68.702282
81.427658
25.079055
57.981333
85.045502
28.611884
51.044228
86.106880
27.303987
61.423722
87.037967
23.933285
64.953400
83.833399
28.693902
56.404871
87.286834
33.174915
59.858686
88.872847
20.914253
54.433055
80.558483
26.613147
68.785475
81.382163
21.263870
59.646106
88.630650
28.448564
60.799922
84.217465
28.089659
54.421142
84.113142
31.520869
51.918900
89.591413
23.496354
51.203308
87.502453
28.810426
66.390177
89.809971
26.884608
65.429566
82.335158
32.914723
53.913915
80.962268
29.912541
67.902363
83.845822
25.308187
63.686003
85.002726
25.207794
63.136930
85.702559
23.805772
69.807624
89.766316
34.287922
50.673836
84.928552
24.473015
58.485065
84.008829
22.376091
59.799673
89.949903
25.419456
61.670089
82.609980
31.124436
51.665395
86.653247
30.588500
63.203093
89.642566
30.513383
51.046104
86.711510
20.093387
61.136611
82.991749
25.615184
64.240505
85.311265
33.522434
59.758213
80.014632
24.775172
62.352013
88.837888
28.956244
54.275551
84.043839
24.466928
62.913173
83.012056
21.875216
57.612846
89.505816
25.825335
52.074257
84.606482
32.265316
57.550230
82.876475
34.717636
55.257216
80.846266
32.929848
54.825712
85.821813
21.257313
62.458481
81.530687
25.065680
60.458555
80.730943
23.541937
58.264755
85.805648
24.767081
54.355841
82.870148
34.766726
67.171072
83.619201
28.223763
67.220165
87.248247
31.238769
55.678780
88.583117
32.627776
62.307857
83.479157
22.503346
65.589790
89.617456
33.546464
69.096946
89.535691
21.576862
68.392065
82.060374
31.176396
57.696314
87.682449
30.940579
53.252860
86.155319
30.762044
65.935028
89.189225
22.001477
52.276344
86.025373
26.686835
53.176486
87.021382
27.631808
57.116562
87.436750
27.957354
66.955171
83.851023
32.895756
61.655624
82.515038
30.165874
61.723553
80.367597
32.087574
68.516760
84.721229
27.968643
61.501565
86.450723
34.338438
50.199548
82.789699
21.000154
66.187546
85.178609
28.122770
62.176167
82.456666
24.224905
59.598274
82.975082
27.213505
55.368803
86.504741
30.272957
55.161928
88.913933
23.123876
59.620191
88.611065
29.122415
54.546830
82.099151
24.892643
50.972046
83.990939
33.212708
53.384836
88.878830
22.000919
55.168926
82.565280
21.536117
53.958201
89.668016
34.386754
62.113861
86.191574
22.293530
66.474073
81.653458
22.288071
66.212299
88.261990
22.333289
66.044740
86.556931
21.343541
64.162268
85.464526
26.816368
67.187557
82.513293
30.033435
65.621690
80.401564
32.469525
54.075937
82.333754
31.853527
69.866865
83.611129
30.690664
51.872491
86.334550
27.088963
63.012371
89.860981
30.628822
54.303531
82.071566
34.370892
54.877462
87.570839
27.586633
56.793756
88.863281
24.575797
53.957247
84.722299
31.847168
60.136668
81.589135
23.545804
69.015160
88.109208
23.514542
57.892144
84.765078
26.970491
61.689297
81.162875
29.290802
62.130745
88.757206
29.229941
64.292857
86.351864